# oST version 5.0 parameters


[image]

width
1920

height
1080

[narrow_stereo]

camera matrix
1674.869767 0.000000 1267.416212
0.000000 1675.379469 913.736571
0.000000 0.000000 1.000000

distortion
-0.040274 0.004171 -0.001866 -0.006316 0.000000

rectification
1.000000 0.000000 0.000000
0.000000 1.000000 0.000000
0.000000 0.000000 1.000000

projection
1658.894139 0.000000 1264.720331 0.000000
0.000000 1664.534318 914.719446 0.000000
0.000000 0.000000 1.000000 0.000000

