# Individual calibration R = Identity
Left:
D =  [0.008331157828838856, -0.04695546264682783, -0.017002983584305142, -0.013508878912276687, 0.0]
K =  [1644.6446299731815, 0.0, 1152.010638344247, 0.0, 1659.2853620716373, 823.7333694383387, 0.0, 0.0, 1.0]
R =  [1.0, 0.0, 0.0, 0.0, 1.0, 0.0, 0.0, 0.0, 1.0]
P =  [1665.4149169921875, 0.0, 1130.6683586267536, 0.0, 0.0, 1708.56005859375, 813.5260958547442, 0.0, 0.0, 0.0, 1.0, 0.0]

Right:
D =  [0.03802735074528116, -0.1532536033301844, -0.011047518740570415, -0.012043683683165092, 0.0]
K =  [1576.6104252114687, 0.0, 1204.0775689603543, 0.0, 1579.6161716985603, 834.9201631405871, 0.0, 0.0, 1.0]
R =  [1.0, 0.0, 0.0, 0.0, 1.0, 0.0, 0.0, 0.0, 1.0]
P =  [1566.2735595703125, 0.0, 1198.1418360003954, 0.0, 0.0, 1602.1524658203125, 830.0107702062305, 0.0, 0.0, 0.0, 1.0, 0.0]
self.T = [0.12706311302032947, 0.0029770309111915097, -0.005154077728906227]
self.R = [0.9971029786476852, -0.0019668709532512972, -0.07603802595127855, 0.0017952190287162575, 0.9999956840656479, -0.0023257340165657977, 0.07604227219483246, 0.002182491404366247, 0.9971022061808493]

# Stereo calibration R = rotation to align to unify plane
Left:
D =  [0.008331157828838856, -0.04695546264682783, -0.017002983584305142, -0.013508878912276687, 0.0]
K =  [1644.6446299731815, 0.0, 1152.010638344247, 0.0, 1659.2853620716373, 823.7333694383387, 0.0, 0.0, 1.0]
R =  [0.9929716797020965, 0.021350632008525744, -0.11641045409426645, -0.021428017002321848, 0.9997702214653602, 0.0005868206308452829, 0.11639623446205209, 0.0019117489220856626, 0.9932010178302848]
P =  [1774.39681828439, 0.0, 1361.0641250610352, 0.0, 0.0, 1774.39681828439, 822.6077823638916, 0.0, 0.0, 0.0, 1.0, 0.0]

Right:
D =  [0.03802735074528116, -0.1532536033301844, -0.011047518740570415, -0.012043683683165092, 0.0]
K =  [1576.6104252114687, 0.0, 1204.0775689603543, 0.0, 1579.6161716985603, 834.9201631405871, 0.0, 0.0, 1.0]
R =  [0.9989046467352444, 0.02340388126794803, -0.040518700279406204, -0.023376979270411102, 0.9997260737501442, 0.001137674958851689, 0.04053422715344811, -0.00018922398637560205, 0.9991781325786486]
P =  [1774.39681828439, 0.0, 1361.0641250610352, 225.70761303540098, 0.0, 1774.39681828439, 822.6077823638916, 0.0, 0.0, 0.0, 1.0, 0.0]

# Transformation camera 2 (right) to camera 1 (left)
self.T = [0.12706311302032947, 0.0029770309111915097, -0.005154077728906227] #m, the real baseline is arround 120mm = 0.12 m in x direction
self.R = [0.9971029786476852, -0.0019668709532512972, -0.07603802595127855, 0.0017952190287162575, 0.9999956840656479, -0.0023257340165657977, 0.07604227219483246, 0.002182491404366247, 0.9971022061808493]
# Take the right camera projection matrix: Tx = -fx' * B, B is baseline, so B = Tx/-fx' = 225.707613 / 1774.396818 = -0.127198643 which is arround that x component
# normally it would be positive, left and right camera is switch place

# oST version 5.0 parameters


[image]

width
1920

height
1080

[narrow_stereo/left]

camera matrix
1644.644630 0.000000 1152.010638
0.000000 1659.285362 823.733369
0.000000 0.000000 1.000000

distortion
0.008331 -0.046955 -0.017003 -0.013509 0.000000

rectification
0.992972 0.021351 -0.116410
-0.021428 0.999770 0.000587
0.116396 0.001912 0.993201

projection
1774.396818 0.000000 1361.064125 0.000000
0.000000 1774.396818 822.607782 0.000000
0.000000 0.000000 1.000000 0.000000

# oST version 5.0 parameters


[image]

width
1920

height
1080

[narrow_stereo/right]

camera matrix
1576.610425 0.000000 1204.077569
0.000000 1579.616172 834.920163
0.000000 0.000000 1.000000

distortion
0.038027 -0.153254 -0.011048 -0.012044 0.000000

rectification
0.998905 0.023404 -0.040519
-0.023377 0.999726 0.001138
0.040534 -0.000189 0.999178

projection
1774.396818 0.000000 1361.064125 225.707613
0.000000 1774.396818 822.607782 0.000000
0.000000 0.000000 1.000000 0.000000